

2.1621759999999988
2.1616759999999995
2.156052000000001
2.1570119999999964
2.1563279999999994
2.1563559999999975
2.1573239999999996
2.1581239999999973
2.1578919999999995
2.1547439999999978
2.1556199999999968
2.157995999999998


1.176180000000003
1.1762480000000033
1.1742120000000018
1.1607119999999989
1.155331999999998
1.1519199999999976
1.1461479999999977
1.1417319999999969
1.139907999999998
1.1413119999999979
1.1398839999999975
1.139911999999997
1.146427999999998
1.1475759999999995
1.1501919999999974
1.1401519999999972
1.1378719999999982
1.1228200000000035
1.1339399999999973
1.1387519999999964


0.8359919999999984
0.8294719999999985
0.8293399999999986
0.8373000000000023
0.8346079999999996
0.8372920000000007
0.8387600000000008
0.8272919999999983
0.8272879999999986
0.8273519999999994
0.8274639999999994
0.8273559999999983
0.8272759999999988
0.8273639999999988
0.8271599999999987
0.8272199999999992
0.8272519999999988


0.6339480000000012
0.6351320000000017
0.6352440000000006
0.6339440000000008
0.6344920000000017
0.6343600000000016
0.6334400000000009
0.6336360000000008
0.6330120000000012
0.6343320000000013
0.6326720000000005
0.632480000000001
0.6316240000000016
0.6298440000000018
0.6317200000000011
0.6316880000000007
0.6276800000000011
0.6270840000000008
0.6194800000000009
0.6184080000000001
0.6199360000000007


0.5087839999999998
0.5072160000000002
0.5075360000000001
0.5057319999999996
0.5074479999999996
0.5101959999999998
0.5076959999999999
0.5078359999999997
0.5086040000000002
0.5088199999999998
0.5081119999999997
0.5077800000000005
0.5069559999999997
0.5071199999999998
0.5047480000000001
0.5070640000000001


0.419852
0.4156720000000003
0.41802000000000034
0.41900400000000015
0.4238
0.4227919999999999
0.423704
0.4206880000000002
0.4222599999999998
0.4220680000000005
0.4229999999999999
0.4198399999999999
0.4224399999999998
0.4216759999999995
0.4210759999999994
0.4251919999999996
